A=[1 2 3;3 4 6;7 8 9]
B=[2 4 6;8 10 12; 14 16 18]
C=A.*B
D=A./B